1.993589149242991354e+00, 
1.518499236836095667e+00, 
1.043409324429184659e+00, 
6.021757680173446259e-01, 
2.625112795907317831e-01, 
1.410635339320187032e-01, 
7.576930190383936170e-02, 
4.242361905609159239e-02, 
2.498056929070539833e-02, 
1.555328486164015041e-02, 
1.065545686224363825e-02, 
7.373316484994921378e-03, 
5.191705463298673315e-03, 
3.725146515630752431e-03, 
2.717843345538525912e-03, 
2.067046437400623434e-03, 
1.584935080845409133e-03, 
1.227195097320164883e-03, 
9.594924638329863911e-04, 
7.574733129527799454e-04, 
6.139564933648821799e-04, 
4.996187456731539332e-04, 
4.085725937497907659e-04, 
3.359272839527185136e-04, 
2.777887851255584294e-04, 
2.333895263038640675e-04, 
1.967853838708140358e-04, 
1.665553305414951965e-04, 
1.415032365066579167e-04, 
1.206578694327296077e-04, 
1.041205509988526090e-04, 
9.005462213869768460e-05, 
7.808802675137141067e-05, 
6.789362300247532794e-05, 
5.918918332410771037e-05, 
5.202251330145701434e-05, 
4.580924880203415226e-05, 
4.042560477946010000e-05, 
3.575564352097832541e-05, 
3.169127464745125105e-05, 
2.828008298720256951e-05, 
2.525708638798675255e-05, 
2.260304193307305893e-05, 
2.027308745027764800e-05, 
1.819674151196371863e-05, 
1.642493301031430276e-05, 
1.484152415952239845e-05, 
1.342782117442310433e-05, 
1.216498183502439101e-05, 
1.103401548650915764e-05, 
1.005349498357009603e-05, 
9.168401895814626268e-06, 
8.369411760044398249e-06, 
7.647960031069211745e-06, 
6.996242081707284056e-06, 
6.424013988204670427e-06, 
5.903035886036519835e-06, 
5.428670626843024966e-06, 
4.996652361687763900e-06, 
4.603086541057285910e-06, 
4.252629428284152634e-06, 
3.932350167451917489e-06, 
3.639019004953071438e-06, 
3.369971789734851452e-06, 
3.123109973298930500e-06, 
2.902213810015263371e-06, 
2.698460644832191280e-06, 
2.510505766223567880e-06, 
2.337088250209654184e-06, 
2.177030960357106280e-06, 
2.032737610124665769e-06, 
1.898925352910908971e-06, 
1.774827292533632492e-06, 
1.659722169732159208e-06, 
1.552934362167242967e-06, 
1.456035836192355772e-06, 
1.365769510836668708e-06, 
1.281677633097383606e-06, 
1.203329044851262489e-06, 
1.130319182854508142e-06, 
1.063702737586843648e-06, 
1.001389330274768065e-06, 
9.429550173239547363e-07, 
8.882122918553078600e-07, 
8.372100837050801255e-07, 
7.904357479868837581e-07, 
7.465231526500720478e-07, 
7.052846551969209440e-07, 
6.665547926989039465e-07, 
6.301902817967437746e-07, 
5.966888158733852218e-07, 
5.651433872042433022e-07, 
5.354375679332424759e-07, 
5.074602486566430410e-07, 
4.811056384229967699e-07, 
4.567299995885273167e-07, 
4.337108533272018472e-07, 
4.119704948417130454e-07, 
3.914384899243054747e-07