2.000000000000000111e-01,
4.000000000000000222e-01,
5.999999999999999778e-01,
8.000000000000000444e-01,
1.000000000000000000e+00,
1.199999999999999956e+00,
1.399999999999999911e+00,
1.600000000000000089e+00,
1.800000000000000044e+00,
2.000000000000000000e+00,
2.200000000000000178e+00,
2.399999999999999911e+00,
2.600000000000000089e+00,
2.799999999999999822e+00,
3.000000000000000000e+00,
3.200000000000000178e+00,
3.399999999999999911e+00,
3.600000000000000089e+00,
3.799999999999999822e+00,
4.000000000000000000e+00,
4.200000000000000178e+00,
4.400000000000000355e+00,
4.600000000000000533e+00,
4.800000000000000711e+00,
5.000000000000000888e+00,
5.200000000000001066e+00,
5.400000000000001243e+00,
5.600000000000001421e+00,
5.800000000000001599e+00,
6.000000000000001776e+00,
6.200000000000001954e+00,
6.400000000000002132e+00,
6.600000000000002309e+00,
6.800000000000002487e+00,
7.000000000000002665e+00,
7.200000000000002842e+00,
7.400000000000003020e+00,
7.600000000000003197e+00,
7.800000000000003375e+00,
8.000000000000003553e+00,
8.200000000000002842e+00,
8.400000000000003908e+00,
8.600000000000004974e+00,
8.800000000000004263e+00,
9.000000000000003553e+00,
9.200000000000004619e+00,
9.400000000000005684e+00,
9.600000000000004974e+00,
9.800000000000004263e+00,
1.000000000000000533e+01,
1.020000000000000639e+01,
1.040000000000000568e+01,
1.060000000000000497e+01,
1.080000000000000604e+01,
1.100000000000000711e+01,
1.120000000000000639e+01,
1.140000000000000568e+01,
1.160000000000000675e+01,
1.180000000000000782e+01,
1.200000000000000711e+01,
1.220000000000000639e+01,
1.240000000000000568e+01,
1.260000000000000853e+01,
1.280000000000000782e+01,
1.300000000000000711e+01,
1.320000000000000639e+01,
1.340000000000000924e+01,
1.360000000000000853e+01,
1.380000000000000782e+01,
1.400000000000000711e+01,
1.420000000000000995e+01,
1.440000000000000924e+01,
1.460000000000000853e+01,
1.480000000000000782e+01,
1.500000000000001066e+01,
1.520000000000000995e+01,
1.540000000000000924e+01,
1.560000000000000853e+01,
1.580000000000001137e+01,
1.600000000000001066e+01,
1.620000000000000995e+01,
1.640000000000000924e+01,
1.660000000000001208e+01,
1.680000000000001137e+01,
1.700000000000001066e+01,
1.720000000000000995e+01,
1.740000000000001279e+01,
1.760000000000001208e+01,
1.780000000000001137e+01,
1.800000000000001066e+01,
1.820000000000001350e+01,
1.840000000000001279e+01,
1.860000000000001208e+01,
1.880000000000001137e+01,
1.900000000000001421e+01,
1.920000000000001350e+01,
1.940000000000001279e+01,
1.960000000000001208e+01,
1.980000000000001492e+01