NAN, 
NAN, 
5.172027223500909265e+00, 
2.128164384455455416e+00, 
9.875545244242676102e-01, 
4.928773678711567685e-01, 
2.584472672336999843e-01, 
1.406067729883672401e-01, 
7.877806484377505858e-02, 
4.522650115560307438e-02, 
2.650808774479022911e-02, 
1.581793909481778171e-02, 
9.588955457325184367e-03, 
5.895402535677342869e-03, 
3.671153776099319276e-03, 
2.313033601043775010e-03, 
1.473273440342265893e-03, 
9.479939280169252976e-04, 
6.158854255542366412e-04, 
4.037938078849887262e-04, 
2.647753311375229722e-04, 
1.736415505683011140e-04, 
1.138906818248840912e-04, 
7.471043462999053450e-05, 
4.901544997166055621e-05, 
3.216203444509082400e-05, 
2.110634071236823839e-05, 
1.385292275600123151e-05, 
9.093457435793656445e-06, 
5.970022130900197853e-06, 
3.919965440413617779e-06, 
2.574234134658518357e-06, 
1.690726944682996419e-06, 
1.110602473217251645e-06, 
7.296316088322968627e-07, 
4.794116585587096639e-07, 
3.150457265536174648e-07, 
2.070612093313575097e-07, 
1.361081555500655749e-07, 
8.948080778782596003e-08, 
5.883504371385127778e-08, 
3.869036185960834609e-08, 
2.544662067030057246e-08, 
1.673856167580033432e-08, 
1.101201856388893794e-08, 
7.245637241227231133e-09, 
4.768119891323482774e-09, 
3.138186467215301935e-09, 
2.065719689112565320e-09, 
1.359956952009895432e-09, 
8.954474884512770086e-10, 
5.896799058842583137e-10, 
3.883772949429681746e-10, 
2.558307137013250580e-10, 
1.685438551079949457e-10, 
1.110540998418493955e-10, 
7.318426881372836285e-11, 
4.823501099867832234e-11, 
3.179571212710389678e-11, 
2.096217228248565722e-11, 
1.382183141061349576e-11, 
9.114996132152927237e-12, 
6.011861815415412234e-12, 
3.965729625407924131e-12, 
2.616367993988055897e-12, 
1.726379087455520300e-12, 
1.139292168266700063e-12, 
7.519615830995748023e-13, 
4.963840019685748867e-13, 
3.277188785027473442e-13, 
2.163947303993719470e-13, 
1.429069693669489652e-13, 
9.438904927011660451e-14, 
6.235212363354366901e-14, 
4.119478869750804364e-14, 
2.722040944504004987e-14, 
1.798905371280291670e-14, 
1.189003729699226577e-14, 
7.859941001415876243e-15, 
5.196566134974977980e-15, 
3.436170164643900251e-15, 
2.272447301782540640e-15, 
1.503051464225846589e-15, 
9.942936524203198853e-16, 
6.578337888761656706e-16, 
4.352895931847965868e-16, 
2.880718941362914485e-16, 
1.906706656143333467e-16, 
1.262197038497431903e-16, 
8.356618871433250812e-17, 
5.533425636553324180e-17, 
3.664523233882256223e-17, 
2.427172656311361503e-17, 
1.607842549594170947e-17, 
1.065236112105343091e-17, 
7.058421959827784739e-18, 
4.677659221798119812e-18, 
3.100334936272501394e-18, 
2.055169117882991962e-18