NAN, 
NAN, 
4.745216716212655506e+00, 
2.104443907372918421e+00, 
9.748563244766184077e-01, 
5.020552434687803878e-01, 
2.697783868837222432e-01, 
1.511092942160687791e-01, 
8.787540401867327544e-02, 
5.291841169334356165e-02, 
3.325082142950509800e-02, 
2.134182568457796900e-02, 
1.399126934797427328e-02, 
9.360548925104933415e-03, 
6.380773349035547166e-03, 
4.468003887437086395e-03, 
3.177402219379374653e-03, 
2.294102353845178972e-03, 
1.680414618529560552e-03, 
1.247978341455533617e-03, 
9.422319520681543201e-04, 
7.164031084827018848e-04, 
5.490402419254358356e-04, 
4.244428192806139178e-04, 
3.311938268922502812e-04, 
2.627850858104936651e-04, 
2.104170270735385487e-04, 
1.700440056236493600e-04, 
1.386620544708009250e-04, 
1.140533596534373898e-04, 
9.526672955468495311e-05, 
8.014431766341081822e-05, 
6.788387309653670600e-05, 
5.786916199788917447e-05, 
4.962544463020077432e-05, 
4.301028868581902075e-05, 
3.744153862199789710e-05, 
3.273333935848163681e-05, 
2.873229130059954639e-05, 
2.530968725230831325e-05, 
2.247124742453145068e-05, 
1.998833369429480405e-05, 
1.783034277223349303e-05, 
1.595130235623263139e-05, 
1.428851660438705696e-05, 
1.287619831893756266e-05, 
1.161997041106515721e-05, 
1.050253708945041570e-05, 
9.507289874003331295e-06, 
8.618071088486623670e-06, 
7.848397842947401807e-06, 
7.154715804565867585e-06, 
6.529281180633200562e-06, 
5.965082773876328372e-06, 
5.455800658014008213e-06, 
5.008870721666608583e-06, 
4.602166004357967650e-06, 
4.231989122012985462e-06, 
3.894956612208745053e-06, 
3.587991708535898461e-06, 
3.314693949242454468e-06, 
3.064964971208430638e-06, 
2.836273058016547372e-06, 
2.626531592838279291e-06, 
2.434097794122715126e-06, 
2.261912668227251422e-06, 
2.103096649537311803e-06, 
1.956599177172086512e-06, 
1.821435742777452257e-06, 
1.696687669144249336e-06, 
1.584227390950180650e-06, 
1.479937083821099296e-06, 
1.383218618112680724e-06, 
1.293509563267381881e-06, 
1.210283149022496186e-06, 
1.134764330057528058e-06, 
1.064414587430517416e-06, 
9.988770923970221245e-07, 
9.378157660859532603e-07, 
8.809152726972915291e-07, 
8.289975579671965920e-07, 
7.804334647445583985e-07, 
7.348925785833413398e-07, 
6.922287561527511018e-07, 
6.524801240435666135e-07, 
6.160264977954108316e-07, 
5.818031783840349667e-07, 
5.496639241203510006e-07, 
5.194797796854743126e-07, 
4.911390759211086475e-07, 
4.650296895164131305e-07, 
4.404447430178557640e-07, 
4.172934978998676128e-07, 
3.954893607003683562e-07, 
3.749498829839277664e-07, 
3.559527178158012711e-07, 
3.380127359567866745e-07, 
3.210693780654723870e-07, 
3.050677511595163804e-07