NAN, 
2.530919577067876247e+01, 
9.122258539937165622e+00, 
4.027987388525052559e+00, 
1.867990633202418538e+00, 
9.588501413039773880e-01, 
5.134343900168645281e-01, 
2.863636450779338816e-01, 
1.657230063696282785e-01, 
9.926834600039417811e-02, 
6.198105392238494743e-02, 
3.955104148914809908e-02, 
2.578853256180983419e-02, 
1.716657057761230079e-02, 
1.164807934712511379e-02, 
8.119024479035197653e-03, 
5.750483009004398599e-03, 
4.137036674778069544e-03, 
3.020770904241960268e-03, 
2.237120603719821958e-03, 
1.683847484635122866e-03, 
1.276446570318483069e-03, 
9.754256464126839386e-04, 
7.519839551468141935e-04, 
5.852432530306166895e-04, 
4.631836385380209476e-04, 
3.700294245523717373e-04, 
2.984194478771113376e-04, 
2.429081509119414577e-04, 
1.994881465842865366e-04, 
1.664021303726842028e-04, 
1.398298130986842813e-04, 
1.183291763550358517e-04, 
1.007969761705648342e-04, 
8.638638788081166701e-05, 
7.483514570694164048e-05, 
6.512180325567408165e-05, 
5.691677305283282263e-05, 
4.994906873846148213e-05, 
4.399209341344261187e-05, 
3.905381823858969061e-05, 
3.473567766052674524e-05, 
3.098364182119023438e-05, 
2.771727259728460154e-05, 
2.482727014657894977e-05, 
2.237284506987835138e-05, 
2.018986434457510981e-05, 
1.824818094907003043e-05, 
1.651887783780925899e-05, 
1.497384420843399084e-05, 
1.363654457577287122e-05, 
1.243128948696903880e-05, 
1.134461690807241000e-05, 
1.036434113821656172e-05, 
9.479479596465639987e-06, 
8.702951932235593804e-06, 
7.996312171468937974e-06, 
7.353136497660410940e-06, 
6.767546641458694703e-06, 
6.234197225422992112e-06, 
5.759343076340597079e-06, 
5.325438486042143205e-06, 
4.928084918444848165e-06, 
4.563657138656454112e-06, 
4.229301024518199307e-06, 
3.930126852673548176e-06, 
3.654181353994794146e-06, 
3.399639272906399978e-06, 
3.164790093701722882e-06, 
2.948037661931914660e-06, 
2.752635436249892002e-06, 
2.571428629514164716e-06, 
2.403378006562231444e-06, 
2.247506352622934117e-06, 
2.102898407786725534e-06, 
1.971682575875512849e-06, 
1.849448123064182864e-06, 
1.735575057120059717e-06, 
1.629479437416075156e-06, 
1.530613363583966843e-06, 
1.440404990800197216e-06, 
1.356023617791723635e-06, 
1.276895142316526007e-06, 
1.202765637627977434e-06, 
1.133701350509194353e-06, 
1.070362221050941217e-06, 
1.010898307156006137e-06, 
9.550555103695127715e-07, 
9.026097676715487995e-07, 
8.533670511365043033e-07, 
8.080013068327676503e-07, 
7.652843166953589598e-07, 
7.250584202173094738e-07, 
6.871731590302730662e-07, 
6.514852768454569188e-07, 
6.184772031873958571e-07, 
5.873060132694557645e-07, 
5.578664836574227749e-07, 
5.300632363612353675e-07