NAN, 
NAN, 
6.399631832570178425e+00, 
2.832114965365685855e+00, 
1.312854146651084131e+00, 
6.750644002874954808e-01, 
3.621434325965706136e-01, 
2.024327871117089506e-01, 
1.174476640953755757e-01, 
7.054594400965694123e-02, 
4.419088345779700888e-02, 
2.828412753132904939e-02, 
1.849439745434744084e-02, 
1.234361014475990337e-02, 
8.395827423869968442e-03, 
5.866068380135851940e-03, 
4.163508168155013144e-03, 
3.000869440003657400e-03, 
2.194720963817815753e-03, 
1.627674932231889084e-03, 
1.226993341748216322e-03, 
9.314885599498408993e-04, 
7.128124196275705980e-04, 
5.502523794566149904e-04, 
4.287688860678232246e-04, 
3.397406189035352426e-04, 
2.716956941034961081e-04, 
2.193160248069621473e-04, 
1.786600682825084186e-04, 
1.468224432464032699e-04, 
1.225409848532104339e-04, 
1.030201889880841200e-04, 
8.721151419618555138e-05, 
7.431122269430371263e-05, 
6.370131475265436557e-05, 
5.519275907673370303e-05, 
4.803489804085207143e-05, 
4.198648640260651356e-05, 
3.684884108971225197e-05, 
3.245558600070148198e-05, 
2.881311148722219130e-05, 
2.562769171273402761e-05, 
2.285966513295984418e-05, 
2.044980929270874518e-05, 
1.831755927767775611e-05, 
1.650664017636903247e-05, 
1.489598331608897681e-05, 
1.346335858875818750e-05, 
1.218743665174598578e-05, 
1.104747925919372992e-05, 
1.006079662322895260e-05, 
9.171545903141815710e-06, 
8.369793110406819435e-06, 
7.646545944059270476e-06, 
6.993699933298231962e-06, 
6.420785073115593698e-06, 
5.899435952824701537e-06, 
5.424912199097912171e-06, 
4.992876148031475283e-06, 
4.599383472892424315e-06, 
4.249048209447917126e-06, 
3.928925351177289013e-06, 
3.635769494260508446e-06, 
3.366905825446431852e-06, 
3.120228490145633773e-06, 
2.899507522762424850e-06, 
2.695924131025633195e-06, 
2.508131628413992570e-06, 
2.334867999470529280e-06, 
2.174955615486152830e-06, 
2.030794726830181895e-06, 
1.897106768188496595e-06, 
1.773125011817853090e-06, 
1.658128491066310786e-06, 
1.551441950809308648e-06, 
1.454635642610875425e-06, 
1.364455482647003046e-06, 
1.280444059406897373e-06, 
1.202170559971903961e-06, 
1.129230761370035252e-06, 
1.062678302905152608e-06, 
1.000424795307603228e-06, 
9.420466860790676577e-07, 
8.873566367433836424e-07, 
8.364035213375918758e-07, 
7.896742192866040876e-07, 
7.458039105493006713e-07, 
7.046051303895327412e-07, 
6.659125731643622186e-07, 
6.295830920605426822e-07, 
5.961138998486847849e-07, 
5.645988619851592031e-07, 
5.349216622649483807e-07, 
5.069712979672359612e-07, 
4.806420798093554053e-07, 
4.562899266895009800e-07, 
4.332929594302333102e-07, 
4.115735480126012875e-07, 
3.910613260290903423e-07