NAN,
1.959944400037941392e+01, 
7.077057750386210877e+00, 
3.129905365102660486e+00, 
1.451428787538499021e+00, 
7.461555187103153797e-01, 
4.002187236453142449e-01, 
2.236691048723739306e-01, 
1.297331045449098552e-01, 
7.789906669219413826e-02, 
4.877133493962038796e-02, 
3.120198562462869751e-02, 
2.039433277358877750e-02, 
1.360678372010656195e-02, 
9.251905747031727648e-03, 
6.461401738955358139e-03, 
4.584154924091211544e-03, 
3.302693191618365047e-03, 
2.414454490938252630e-03, 
1.789866539734175739e-03, 
1.348478743618819042e-03,
1.023086919383252996e-03,
7.824000898919733580e-04,
6.035630116349842032e-04,
4.699842763739398520e-04,
3.721214377623550083e-04,
2.973761696775321906e-04,
2.398796552805058534e-04,
1.952845176129014296e-04,
1.603876767059070568e-04,
1.337861425265305586e-04,
1.124168384292426075e-04,
9.512379879748435239e-05,
8.102176703176633128e-05,
6.943067731146328084e-05,
6.013945405463276783e-05,
5.232741046072845770e-05,
4.572931030246903149e-05,
4.012701938414368105e-05,
3.533811853038913009e-05,
3.136859079288724952e-05,
2.789811287192744811e-05,
2.488303587249881445e-05,
2.225856670724661306e-05,
1.993678816583163856e-05,
1.796510772296322131e-05,
1.621165409680145629e-05,
1.465214872638376925e-05,
1.326331880806116104e-05,
1.202255287866539038e-05,
1.094865686241797973e-05,
9.980840196452802558e-06,
9.108277041793726348e-06,
8.321170872307541839e-06,
7.610694535021840756e-06,
6.987213093512417399e-06,
6.419855228278399344e-06,
5.903459669717218816e-06,
5.433304189760153608e-06,
5.005095165688437763e-06,
4.623852640595590413e-06,
4.275489091772872145e-06,
3.956472363731354458e-06,
3.663891364301381303e-06,
3.395454246741649109e-06,
3.155263412675393090e-06,
2.933722079379835526e-06,
2.729364689057936411e-06,
2.540817848669017789e-06,
2.366800013122146689e-06,
2.209923118849177224e-06,
2.064442978961195127e-06,
1.929525220884880833e-06,
1.804385273946547121e-06,
1.688288314136051660e-06,
1.582943093163306531e-06,
1.484808494269928075e-06,
1.393386756973455470e-06,
1.308209066303587712e-06,
1.228835543167115011e-06,
1.156412763116476011e-06,
1.088668128082766613e-06,
1.025140725308275275e-06,
9.656266916503879610e-07,
9.101792119000957082e-07,
8.593281109419195690e-07,
8.115881835063355468e-07,
7.667554292926331614e-07,
7.246499616780398005e-07,
6.851160074241322178e-07,
6.486946363522348951e-07,
6.143997875278260044e-07,
5.821048849623780158e-07,
5.516891348359175662e-07,
5.230375254457402613e-07,
4.965373698161688233e-07,
4.715119353820679714e-07,
4.478767447000546839e-07,
4.255552246319102889e-07